action,action_description
Launch a Tahoma Bee scene,This action will launch a Tahoma Bee scene
